7555551. vn

8. 10.13. 14. 15511. 17, 4. 6. 19. 18, 7. 18. 19,7. 20, 23.
259. 10. 22, 23. 10. 234. 24, 59. 25, 4. 7.10. 12. 26,7,
27, 5. 28, 5. 8. 29. 4. 30, 6. 12. 31, 5. 32,1.3.7. 10. 33,
4. 7. 31, 3. 5. 35, 2. 7. 11. 30, 1. 37, 13. 17. 38, 7.

XXX. 1,5.9. 3, 3.4. 4, 2. 3.5.7. 5, 7. 6, 4. 6. 8. 7, 6.
7.13.8,1.4.8.9,3.7.10,4.5.7.12.10.»18.19.11,10.
1212151821. 13, 2. 10. 14, 23. 0. 15, 11. 12. 17, 6,
18, 3. 7. 10. 12. 19, 6.8. 12. 20, 5. 21, 6.9. 22, 5. 23, 7,
24, 2. 3. 4. 5. 7.11. 25,1.25.7.10. 26,1.5,11.12 27,1.
5,11. 28, 1. 3.7. 0. 20, 24. 30, «189. 13. 15172123.
31, 4. 8. 9. 32, 5. 333. 4. 12. 13. 10. 34, 3. 8. 35,1.4.9. ,
36,3. 6.8. 9. 37, 10. 38,3. 5.7,11. 40, 3. 6. 425. 7. 12. 19.
43, 4, 7. 0. 44, 4. 0. 8. 13. 45, 3. 4, 7.

11555 15 055155155555 5150 515135 55555155 5551150551
worden, meist 551 05550 055 3555555 555555555555 55551155
055 beiden 5151535555055 11550555511155.

015 051553555515 5555 155 5155 550 05, 015 1515555551155
51511555 550555355151151,

lm 1551 155515 3505551515 1105155 155155 15 ΡΣ 550 sind
555055 515155 dem Lemma im 5555535 355555155 1151555155
51555351031 worden.

055 5555555155 551 eine 5555050135 0555555553 55-
155555, 5555515555 015 (111515 51555 5553051355 55515155 55155-
555155 worden 5150.

1115 dem Lemma 5055 515555 einzelnen Worte 551355515155
815555555 (*) 55055151 ’535 055 555553. 01555 815555555 ,
5150 eber 5155155 51155 8151155 51555351031555055, nm die
115155 51551 55 555155555513 werden 55 155555. Bei 055 011115
055 1515155155 5150 5155 5555535551515 0550515155113553 055
5511155555 5555535 5511555013 5515,

Die 1155555155 055 0555555355 551 11555 0555155555
055155 55155510 3555555550 5555531 550 1155555551.

Berlin im August 1899.
Η. J. 1101155.

 

