vl VORWORT.

15, 9. 16. 16, 3. 5. 7. 12.13.14. 21. 25. 19, 6. 8. 13. 14.
16. 10, 2. 5. 21,4. 7. 22,1. 11. 23. 5. 6. 24,1. 2. 7. 12.
15. 25, 2. 8. 261510. 12. 14. 27,1. 8. 12. 18, 9. 29,
4. 7. 9. 10. 30. 7. 315. 7. 8. 9. 14. 3110. 34, 2. 10. 13.
35, 1. 5. 7. 9. 36, 2. 4.11. 15. 16. 37, 4. 6. 9. 11. 38, 410,
39, 5. 9. 1113. 14. 40, 2. 6. 8. 41, 5. 6. 7.

016 611161660661616611116366 66666 663666666 166 den
dem 3616661166 ’1611661661666661166 661366161166366 6666 66661
16116 1611611663 oder 8116166663, 161161166116166361161161-
61661663 61161166; 16666666011616116 den 6116166, die 1661
(161663666611611636666 116166, 6166 1616111616161116613161161-
161661; 6666 die 161661666116 1166 666166 hot, wie 16 den
1111661166 1611666166116166 Η61166, 66 66616166111611161136·
1166666.

1116 dem Lemma im 11616166616166136613166*661166161;
ῐ131. 1166166663. 1116 1636666 16 6166616111116666616116636
6160 116611 6611663666166 Luchs 11611666 6611661131 worden.

Berlin, 1111 166661 1895.
Η. J. 11111161.

1011110111 11111 1111111111 11111101.

Boi 1161 66616611663116166666 1663666 661161366166 11116661
66666161116 1661661 nicht 36116366 Frende (16111661, (16161166
Studium 1166111166 in den 1611166166166 so 11616 1116611116 36-
166666 1161, 16 161661166616111 116166 110116161116116 666616 36-
standon, 616 661 616616 der 11066166 11116116. [11611611161166366
166 Professor Dr. 06661 16 der 116661116666 166116116631161
ersten 1663666, 110636316666 116166 XLVI 1411, 6160161616
1111111663(1661661666611111611166, 666666 die 1166611616 1161
Forschungen von Th. Mommsen, 1161366101, 1161161, 16636 n. 6.
061 ’1611 161 66 6161366 stenen 6666 0661661611166166111 116611
nnd 011. 11116161 1616666611. 1611131166 616 166 durch 11166613-
116136 6661661663 1610111166 0616116 166 11. 116111 16 66661
1111663066666116661111116666 1161611616 6613616116116611 in der
11661136166 116611611663 desselben und 061666611136631661161161
1611616616666616161611111611166. ln 31616661 Weiss 16166611 1116
1663666 1666116666 16116666166366 1166161166 den Emendationes

 

